2417
4971
7159
9501
11479
13529
15794
17670
19628
21646
23503
25797
28152
30406
31995
34501
36213
38850
41050
42843
44755
46987
49299
50896
52455
56591
58868
61447
62008
64965
67257
68688
70115
74253
76988
77129
79643
83080
85931
88300
88199
90349
95083
98112
97261
99796
102856
106313
106916
109538
111520
116581
117411
119774
122744
124571
127531
127544
133057
132542
136283
140265
140868
142651
144159
150213
151597
153136
152967
156523
159183
161588
164918
165759
172562
170959
175665
176964
178142
183306
183572
187395
190234
191182
192083
195935
199617
198688
202779
203022
207069
211290
213817
214481
214934
216015
219126
224516
227057
230576
