8688
15760
23048
29491
37590
44869
52090
58450
67053
75293
83348
90839
98704
106067
113207
119623
128014
137628
146658
154974
163623
172231
180416
187921
195875
204520
212681
220385
227738
235497
242523
249286
256420
267131
277150
286877
296245
306076
314829
323951
332032
341903
351114
360217
368283
377220
385211
393348
400579
410305
419239
428601
436841
445403
453887
461844
469354
477633
486110
493998
501560
509071
516609
523568
530166
538917
550469
561508
572081
582392
592987
603090
612789
622195
632954
643089
652739
661991
671711
680845
689669
697962
709110
718856
728733
738050
747898
757096
766031
774257
783786
793157
802305
810455
819478
827465
835631
842879
852770
863133
